% Stnr    År Mnd Dag Time(NMT)    TA                       
82290 2013   1   1        14  1.6                
 82290 2013   1   2        14 -0.9                 
 82290 2013   1   3        14  1.6                
 82290 2013   1   4        14 -1.2                 
 82290 2013   1   5        14  0.4                
 82290 2013   1   6        14  3.2                
 82290 2013   1   7        14  3.5                
 82290 2013   1   8        14  4.3                
 82290 2013   1   9        14  0.0                
 82290 2013   1  10        14 -1.2                  
 82290 2013   1  11        14 -1.5                  
 82290 2013   1  12        14  0.5                 
 82290 2013   1  13        14  0.9                 
 82290 2013   1  14        14  2.2                 
 82290 2013   1  15        14 -1.5                  
 82290 2013   1  16        14 -4.0                  
 82290 2013   1  17        14 -3.4                  
 82290 2013   1  18        14  4.7                 
 82290 2013   1  19        14  1.8                 
 82290 2013   1  20        14 -3.6                  
 82290 2013   1  21        14  1.4                 
 82290 2013   1  22        14  0.6                 
 82290 2013   1  23        14 -1.9                  
 82290 2013   1  24        14 -1.2                  
 82290 2013   1  25        14 -3.1                  
 82290 2013   1  26        14 -0.9                  
 82290 2013   1  27        14 -2.4                  
 82290 2013   1  28        14 -4.3                  
 82290 2013   1  29        14 -0.8                  
 82290 2013   1  30        14  0.5                 
 82290 2013   1  31        14  0.7                 
 82290 2013   2   1        14  0.2                
 82290 2013   2   2        14 -0.8                 
 82290 2013   2   3        14  0.4                
 82290 2013   2   4        14 -2.8                 
 82290 2013   2   5        14 -0.4                 
 82290 2013   2   6        14 -2.8                 
 82290 2013   2   7        14 -5.4                 
 82290 2013   2   8        14 -4.1                 
 82290 2013   2   9        14 -3.1                 
 82290 2013   2  10        14 -3.5                  
 82290 2013   2  11        14 -2.0                  
 82290 2013   2  12        14 -0.4                  
 82290 2013   2  13        14 -0.4                  
 82290 2013   2  14        14 -1.7                  
 82290 2013   2  15        14 -1.7                  
 82290 2013   2  16        14 -2.0                  
 82290 2013   2  17        14  1.3                 
 82290 2013   2  18        14  0.2                 
 82290 2013   2  19        14 -3.3                  
 82290 2013   2  20        14 -0.1                  
 82290 2013   2  21        14  4.1                 
 82290 2013   2  22        14  2.2                 
 82290 2013   2  23        14  4.1                 
 82290 2013   2  24        14  4.7                 
 82290 2013   2  25        14  4.8                 
 82290 2013   2  26        14  4.2                 
 82290 2013   2  27        14  5.7                 
 82290 2013   2  28        14  4.3                 
 82290 2013   3   1        14  0.8                
 82290 2013   3   2        14 -2.4                 
 82290 2013   3   3        14 -3.8                 
 82290 2013   3   4        14 -3.0                 
 82290 2013   3   5        14 -2.7                 
 82290 2013   3   6        14 -2.7                 
 82290 2013   3   7        14 -2.0                 
 82290 2013   3   8        14 -2.8                 
 82290 2013   3   9        14 -6.2                 
 82290 2013   3  10        14  0.2                 
 82290 2013   3  11        14 -3.1                  
 82290 2013   3  12        14 -6.0                  
 82290 2013   3  13        14 -4.7                  
 82290 2013   3  14        14 -3.2                  
 82290 2013   3  15        14 -2.3                  
 82290 2013   3  16        14 -0.7                  
 82290 2013   3  17        14  1.2                 
 82290 2013   3  18        14  2.0                 
 82290 2013   3  19        14 -5.6                  
 82290 2013   3  20        14 -0.4                  
 82290 2013   3  21        14 -2.3                  
 82290 2013   3  22        14 -2.3                  
 82290 2013   3  23        14  2.0                 
 82290 2013   3  24        14  1.7                 
 82290 2013   3  25        14  1.2                 
 82290 2013   3  26        14  1.8                 
 82290 2013   3  27        14 -2.3                  
 82290 2013   3  28        14 -1.1                  
 82290 2013   3  29        14  0.0                 
 82290 2013   3  30        14  2.1                 
 82290 2013   3  31        14  0.9                 
 82290 2013   4   1        14  0.0                
 82290 2013   4   2        14  0.6                
 82290 2013   4   3        14  1.4                
 82290 2013   4   4        14 -2.4                 
 82290 2013   4   5        14 -0.2                 
 82290 2013   4   6        14 -0.5                 
 82290 2013   4   7        14 -0.4                 
 82290 2013   4   8        14 -0.6                 
 82290 2013   4   9        14 -0.2                 
 82290 2013   4  10        14  3.2                 
 82290 2013   4  11        14  4.3                 
 82290 2013   4  12        14  3.8                 
 82290 2013   4  13        14  5.5                 
 82290 2013   4  14        14  6.4                 
 82290 2013   4  15        14  7.3                 
 82290 2013   4  16        14  9.1                 
 82290 2013   4  17        14  4.9                 
 82290 2013   4  18        14  4.5                 
 82290 2013   4  19        14  3.9                 
 82290 2013   4  20        14  3.1                 
 82290 2013   4  21        14  7.8                 
 82290 2013   4  22        14  8.4                 
 82290 2013   4  23        14  6.9                 
 82290 2013   4  24        14  5.0                 
 82290 2013   4  25        14  2.3                 
 82290 2013   4  26        14  4.6                 
 82290 2013   4  27        14  4.3                 
 82290 2013   4  28        14  6.0                 
 82290 2013   4  29        14  8.1                 
 82290 2013   4  30        14  6.1                 
 82290 2013   5   1        14  3.3                
 82290 2013   5   2        14  5.6                
 82290 2013   5   3        14  5.3                
 82290 2013   5   4        14  5.2                
 82290 2013   5   5        14  7.5                
 82290 2013   5   6        14  8.0                
 82290 2013   5   7        14  6.1                
 82290 2013   5   8        14  7.2                
 82290 2013   5   9        14 10.9                 
 82290 2013   5  10        14  9.6                 
 82290 2013   5  11        14  7.3                 
 82290 2013   5  12        14 14.0                  
 82290 2013   5  13        14 11.9                  
 82290 2013   5  14        14 11.2                  
 82290 2013   5  15        14  6.0                 
 82290 2013   5  16        14 15.3                  
 82290 2013   5  17        14 17.3                  
 82290 2013   5  18        14 12.4                  
 82290 2013   5  19        14 14.3                  
 82290 2013   5  20        14 18.6                  
 82290 2013   5  21        14 18.9                  
 82290 2013   5  22        14 17.7                  
 82290 2013   5  23        14 16.8                  
 82290 2013   5  24        14  9.5                 
 82290 2013   5  25        14  8.3                 
 82290 2013   5  26        14 12.0                  
 82290 2013   5  27        14 21.3                  
 82290 2013   5  28        14 19.8                  
 82290 2013   5  29        14 21.3                  
 82290 2013   5  30        14 22.3                  
 82290 2013   5  31        14 21.6                  
 82290 2013   6   1        14 22.8                 
 82290 2013   6   2        14 13.4                 
 82290 2013   6   3        14  8.0                
 82290 2013   6   4        14 11.4                 
 82290 2013   6   5        14 16.9                 
 82290 2013   6   6        14 21.7                 
 82290 2013   6   7        14 10.8                 
 82290 2013   6   8        14 10.0                 
 82290 2013   6   9        14 10.4                 
 82290 2013   6  10        14  9.2                 
 82290 2013   6  11        14  9.9                 
 82290 2013   6  12        14 11.0                  
 82290 2013   6  13        14 19.6                  
 82290 2013   6  14        14 16.3                  
 82290 2013   6  15        14 10.1                  
 82290 2013   6  16        14 10.9                  
 82290 2013   6  17        14  9.9                 
 82290 2013   6  18        14 11.8                  
 82290 2013   6  19        14 16.4                  
 82290 2013   6  20        14 11.8                  
 82290 2013   6  21        14 18.5                  
 82290 2013   6  22        14 18.5                  
 82290 2013   6  23        14 13.4                  
 82290 2013   6  24        14 17.3                  
 82290 2013   6  25        14 11.8                  
 82290 2013   6  26        14 13.0                  
 82290 2013   6  27        14 20.7                  
 82290 2013   6  28        14 18.1                  
 82290 2013   6  29        14 17.0                  
 82290 2013   6  30        14 13.5                  
 82290 2013   7   1        14 23.3                 
 82290 2013   7   2        14 11.5                 
 82290 2013   7   3        14 14.5                 
 82290 2013   7   4        14 18.3                 
 82290 2013   7   5        14 13.8                 
 82290 2013   7   6        14 14.8                 
 82290 2013   7   7        14 14.3                 
 82290 2013   7   8        14 10.4                 
 82290 2013   7   9        14 11.6                 
 82290 2013   7  10        14 11.5                  
 82290 2013   7  11        14 11.1                  
 82290 2013   7  12        14 12.5                  
 82290 2013   7  13        14 12.2                  
 82290 2013   7  14        14 11.7                  
 82290 2013   7  15        14  9.8                 
 82290 2013   7  16        14 11.5                  
 82290 2013   7  17        14 13.9                  
 82290 2013   7  18        14 11.9                  
 82290 2013   7  19        14 12.1                  
 82290 2013   7  20        14 11.2                  
 82290 2013   7  21        14 11.5                  
 82290 2013   7  22        14 12.2                  
 82290 2013   7  23        14 16.9                  
 82290 2013   7  24        14 22.8                  
 82290 2013   7  25        14 17.5                  
 82290 2013   7  26        14 16.9                  
 82290 2013   7  27        14 16.6                  
 82290 2013   7  28        14 17.3                  
 82290 2013   7  29        14 17.3                  
 82290 2013   7  30        14 23.8                  
 82290 2013   7  31        14 16.8                  
 82290 2013   8   1        14 14.4                 
 82290 2013   8   2        14 15.6                 
 82290 2013   8   3        14 24.2                 
 82290 2013   8   4        14 16.1                 
 82290 2013   8   5        14 16.4                 
 82290 2013   8   6        14 21.0                 
 82290 2013   8   7        14 11.8                 
 82290 2013   8   8        14 12.1                 
 82290 2013   8   9        14 13.6                 
 82290 2013   8  10        14 14.5                  
 82290 2013   8  11        14 15.4                  
 82290 2013   8  12        14 13.9                  
 82290 2013   8  13        14 13.5                  
 82290 2013   8  14        14 12.9                  
 82290 2013   8  15        14 13.3                  
 82290 2013   8  16        14 20.2                  
 82290 2013   8  17        14 12.4                  
 82290 2013   8  18        14 19.5                  
 82290 2013   8  19        14 13.4                  
 82290 2013   8  20        14 11.8                  
 82290 2013   8  21        14 11.1                  
 82290 2013   8  22        14 10.5                  
 82290 2013   8  23        14 13.7                  
 82290 2013   8  24        14 18.6                  
 82290 2013   8  25        14 21.4                  
 82290 2013   8  26        14 13.8                  
 82290 2013   8  27        14 12.7                  
 82290 2013   8  28        14 11.6                  
 82290 2013   8  29        14 11.8                  
 82290 2013   8  30        14 12.9                  
 82290 2013   8  31        14 17.6                  
 82290 2013   9   1        14 15.8                 
 82290 2013   9   2        14 13.5                 
 82290 2013   9   3        14 11.1                 
 82290 2013   9   4        14 12.7                 
 82290 2013   9   5        14 17.2                 
 82290 2013   9   6        14 15.4                 
 82290 2013   9   7        14 12.8                 
 82290 2013   9   8        14 15.0                 
 82290 2013   9   9        14 22.5                 
 82290 2013   9  10        14 19.2                  
 82290 2013   9  11        14 11.5                  
 82290 2013   9  12        14 13.9                  
 82290 2013   9  13        14 11.3                  
 82290 2013   9  14        14 11.3                  
 82290 2013   9  15        14 16.5                  
 82290 2013   9  16        14 15.9                  
 82290 2013   9  17        14 15.3                  
 82290 2013   9  18        14 16.0                  
 82290 2013   9  19        14 16.1                  
 82290 2013   9  20        14 10.7                  
 82290 2013   9  21        14 10.6                  
 82290 2013   9  22        14 10.6                  
 82290 2013   9  23        14 10.8                  
 82290 2013   9  24        14 10.0                  
 82290 2013   9  25        14  9.8                 
 82290 2013   9  26        14  8.8                 
 82290 2013   9  27        14  8.8                 
 82290 2013   9  28        14 11.5                  
 82290 2013   9  29        14  9.3                 
 82290 2013   9  30        14  8.8                 
 82290 2013  10   1        14 11.6                  
 82290 2013  10   2        14 12.3                  
 82290 2013  10   3        14 11.0                  
 82290 2013  10   4        14 12.7                  
 82290 2013  10   5        14 10.7                  
 82290 2013  10   6        14  8.8                 
 82290 2013  10   7        14  7.7                 
 82290 2013  10   8        14  7.0                 
 82290 2013  10   9        14  7.5                 
 82290 2013  10  10        14  7.7                  
 82290 2013  10  11        14  9.2                  
 82290 2013  10  12        14 10.5                   
 82290 2013  10  13        14  7.0                  
 82290 2013  10  14        14  8.3                  
 82290 2013  10  15        14  6.6                  
 82290 2013  10  16        14  2.0                  
 82290 2013  10  17        14  2.2                  
 82290 2013  10  18        14  1.0                  
 82290 2013  10  19        14  0.2                  
 82290 2013  10  20        14  2.8                  
 82290 2013  10  21        14  1.3                  
 82290 2013  10  22        14  1.1                  
 82290 2013  10  23        14  3.5                  
 82290 2013  10  24        14  7.9                  
 82290 2013  10  25        14  5.2                  
 82290 2013  10  26        14  5.8                  
 82290 2013  10  27        14  4.5                  
 82290 2013  10  28        14  4.8                  
 82290 2013  10  29        14  7.0                  
 82290 2013  10  30        14  5.0                  
 82290 2013  10  31        14  4.0                  
 82290 2013  11   1        14  6.5                 
 82290 2013  11   2        14  4.2                 
 82290 2013  11   3        14  3.9                 
 82290 2013  11   4        14  5.6                 
 82290 2013  11   5        14  3.4                 
 82290 2013  11   6        14  2.7                 
 82290 2013  11   7        14  2.5                 
 82290 2013  11   8        14  1.6                 
 82290 2013  11   9        14  5.7                 
 82290 2013  11  10        14  3.8                  
 82290 2013  11  11        14  0.9                  
 82290 2013  11  12        14  5.5                  
 82290 2013  11  13        14  5.2                  
 82290 2013  11  14        14  1.9                  
 82290 2013  11  15        14  5.5                  
 82290 2013  11  16        14  3.2                  
 82290 2013  11  17        14  1.5                  
 82290 2013  11  18        14  5.3                  
 82290 2013  11  19        14 -0.3                   
 82290 2013  11  20        14  0.5                  
 82290 2013  11  21        14 -0.5                   
 82290 2013  11  22        14  3.9                  
 82290 2013  11  23        14 -0.3                   
 82290 2013  11  24        14  2.4                  
 82290 2013  11  25        14  0.6                  
 82290 2013  11  26        14  5.0                  
 82290 2013  11  27        14  4.6                  
 82290 2013  11  28        14  3.6                  
 82290 2013  11  29        14 -0.9                   
 82290 2013  11  30        14 -1.5                   
 82290 2013  12   1        14 -0.3                  
 82290 2013  12   2        14  5.8                 
 82290 2013  12   3        14  2.7                 
 82290 2013  12   4        14  1.7                 
 82290 2013  12   5        14  0.0                 
 82290 2013  12   6        14 -3.1                  
 82290 2013  12   7        14 -5.7                  
 82290 2013  12   8        14 -4.9                  
 82290 2013  12   9        14 -3.8                  
 82290 2013  12  10        14  7.3                  
 82290 2013  12  11        14  7.1                  
 82290 2013  12  12        14  0.9                  
 82290 2013  12  13        14  0.7                  
 82290 2013  12  14        14  1.8                  
 82290 2013  12  15        14  5.0                  
 82290 2013  12  16        14  3.6                  
 82290 2013  12  17        14  4.1                  
 82290 2013  12  18        14  3.7                  
 82290 2013  12  19        14  1.2                  
 82290 2013  12  20        14  4.6                  
 82290 2013  12  21        14  3.9                  
 82290 2013  12  22        14  4.3                  
 82290 2013  12  23        14  1.3                  
 82290 2013  12  24        14  4.5                  
 82290 2013  12  25        14  4.6                  
 82290 2013  12  26        14  5.3                  
 82290 2013  12  27        14  4.5                  
 82290 2013  12  28        14  4.8                  
 82290 2013  12  29        14  4.5                  
 82290 2013  12  30        14  4.5                  
 82290 2013  12  31        14  3.9                  

