%aar  kurs	strykpros jenteandel andelA A B C D E Aj Bj Cj Dj Ej
2003	1	30.5	28.1	9.5	44	38	47	53	140	12	11	15	19	39
2004	1	9.8	20.6	13.0	48	54	65	74	83	12	16	10	15	17
2005	1	11.2	24.4	8.5	31	55	56	57	113	10	17	16	12	28
2005	2	10.8	24.5	7.6	49	85	143	133	148	7	18	41	37	32
2006	1	12.2	26.6	8.9	37	59	138	65	43	12	11	41	18	10
2006	2	10.5	21.4	17.3	111	79	109	107	140	18	20	28	21	35
2007	1	13.4	32.5	6.7	28	58	146	63	42	7	13	59	23	14
2007	2	10.7	18.1	8.1	58	83	264	89	106	7	13	62	14	14
2008	1	10.4	33.1	8.5	36	57	137	63	66	9	23	55	24	18
2008	2	12.1	26.8	11.3	84	131	231	80	82	17	41	72	26	16
2009	1	17.3	32.2	5.2	27	40	158	93	81	5	13	56	34	21
2009	2	5.8	27.8	12.1	107	174	312	132	67	20	46	96	44	19
2010	1	8.0	36.7	6.2	38	80	193	130	87	13	32	77	52	32
2010	2	12.8	29.2	6.1	50	53	227	162	131	7	9	77	45	42	
2011	1	15.2	34.7	5.4	30	60	160	96	86	14	21	57	27	31
2011	2	11.5	24.7	8.2	63	115	251	126	77	8	24	70	32	23
2012	1	6.2	31.8	9.1	50	93	194	84	52	14	26	61	28	22
2012	2	9.8	29.5	10.6	86	139	245	126	85	19	35	75	44	26
2013	2	9.8	31.5	16.3	127	109	225	108	85	36	32	76	33	23	






 

